4.705945698371
5.46861739430682
-1.67953126864519
7.29071844303957
4.01496486767287
-4.56900118498226
1.21765787984101
3.48525287039822
7.13776839723809
-0.0223874046450738
6.63363711150137
1.6736037580323
-2.83075113760794
-7.56551729141827
5.38513375376592
0.399388175534702
9.05837681998611
14.9014670216082
5.83224898066512
9.36336734856125
4.10487255334311
5.97487684351146
0.723920547849486
-8.27059069880296
4.25327651354721
1.30595826522713
-1.74180889181631
-6.00188851889335
-2.13554006508257
2.07468970502144
7.29031136743561
-0.63533960203871
1.81863660679454
-1.10243793496203
4.67509517551764
10.1300509850592
-1.10833009290593
-0.424285301096447
15.1773757032074
3.63935582848728
1.24618505464616
2.97916767420625
2.06123107334555
3.8385084353961
-2.30712476207893
4.01314021822948
7.41640056465383
8.71322075696729
4.83871305262578
8.74257320690375
7.3440176038213
1.50540989271754
6.3484749383228
0.366978162445305
11.7985239591985
15.2254186616894
4.18777935203702
0.373359915077674
8.42558806114312
4.12315138608334
12.8131219851708
6.15102977206165
7.93215659975521
6.29109026751795
1.95530214843552
5.86263737351203
-3.12727474117246
7.36161255811938
8.61018842488565
9.34115132068538
36.1455877149099
1.99232681356533
8.56195487928495
0.634261562248436
-9.50853972331889
-3.85611183614563
-6.8733989185194
2.73431217877644
4.59340034303809
1.59546071803195
2.38167701305504
15.4534145264956
10.5553722234496
-1.71448259911071
6.84590021555599
7.65240983190915
10.034476294309
3.72516305581081
7.40129097427149
9.92519245777086
2.2950011072792
9.61460007274107
10.0769945237199
8.13310648674504
12.0132494697542
20.5370536722417
0.0900035007455617
2.58957193411499
-1.07932955859557
2.42604660710341
1.70764207534606
5.52746838336855
3.65262039273235
-66.4628906002952
25.5589605154951
8.63469846776761
3.1709321580102
4.74432542935608
1.9410386912151
9.51215029259296
1.44333734745758
2.81735492184146
9.02345590295132
-2.42133640228531
1.04939497702296
3.39032627971084
-2.37320180754708
1.98532889700881
21.0035373416956
-0.662642704251648
-2.65080899400252
5.9676214043602
-0.844668457509156
5.32150856251921
4.64680825021739
3.98047225263475
2.29697931025207
1.04098175083655
-1.42117539123353
-0.992423614404156
2.86135505348972
-0.915062158563232
2.32949042303626
-5.1387017954435
5.79268857033065
-5.64341732273927
8.08590739328348
-0.701108294910849
1.52692557227714
5.89816231614974
-8.00502010648161
4.33127671490852
-5.92127798012661
0.138104893184787
-2.84425293777919
-1.08650534433844
9.16825571084385
-0.552579590427638
-18.6903943203027
-7.11676241640597
9.67458559894631
-8.97916779857569
9.13413187572521
-2.32324693230746
-6.21172558655319
-4.3642590619763
4.7420498805264
3.9513944543088
-3.57600281411735
9.20193399490475
5.9399920427298
9.78763725559366
4.15342384387393
3.95649720224234
3.4964770492464
10.5234536151254
0.0749831221711246
-5.99979154408655
-0.139778857251967
1.35034616501148
10.5549259722343
0.757131766335919
2.48199912978675
1.79267623913632
-0.778778123110094
-1.15407114412601
3.8983636505364
9.1511751008263
4.5090463154196
6.66487255976498
-3.99595316411563
5.54598047934831
2.02087926844497
-5.37058366057108
3.66404480683489
7.12516429260744
22.2192720129535
3.16822300327835
10.4750663054689
-1.19291535531612
-0.610571034834126
2.92701360255966
-2.70363232916473
3.21054181273602
-4.98930402933592
-4.19565664344893
7.4057059875384
-7.27912657317703
2.77942657057631
0.981584004534777
7.69831925317803
8.63803936318811
7.59995090146792
1.30196141107417
-8.38529086816249
12.1483229175191
4.05908075430577
13.9714945890691
2.86439607449004
6.4349445836273
-1.30264229564453
2.86610216922516
-2.27674184691367
-2.36720540301743
13.8300301750613
10.4619141404502
-0.919593075816257
-0.695931533334289
16.1533709067307
1.5434361633719
-10.5010857379509
4.65541760997447
-1.33779234330599
1.57282468732092
-2.21211592907708
8.29189901532276
1.44092315384628
-7.07802581975425
12.4591169295368
10.0735364032455
0.333251901331809
-5.20652152998617
-1.69315498706633
4.95464282277246
1.68681788375273
4.73119953442365
2.02013258611128
-2.04701999790512
5.46951174307143
2.41300045394684
4.70333032896623
8.04081789277851
0.933861084618225
-4.09099958046657
5.36048767981401
-5.49468389990549
-2.21311776915563
-1.32467755763825
0.0824442111897143
6.75533776332407
3.06200926442554
1.32267743261766
0.571815741543315
-0.732939064874856
5.77679382534036
5.38748919998142
-9.55893052385233
1.86236178260292
4.17868727393264
-2.86680842760326
4.4562691495704
-0.663630903568776
-0.393943612477939
4.61705991490962
8.43450004470452
2.40555094171112
0.798232532843154
-4.3810537128178
-0.866083412144017
-2.90122589688963
2.06814551410917
8.51390139031238
2.5947847429121
23.3266764969173
6.77817657888476
5.77452932921861
-8.82320645459598
5.79661537508757
-0.0326808600570851
11.6125742581908
1.93735655562347
6.95666631531103
5.09962705218711
-1.68560465114778
-1.36005174938261
-2.28745854560411
-1.13316761110374
5.97807952018919
3.84667360162732
5.76136196891929
0.73747196033436
3.58195666939641
1.16667070107417
-3.52854113127063
8.51944856171773
0.818871791648855
4.30727542399
8.00833365673716
-5.53271038941245
0.323865675995742
6.55456525622911
-0.369265585245229
8.74753915271319
1.75130885764678
10.0999315585213
5.58353346431211
0.400632610444165
6.41143202523595
-2.52775537014093
2.10666373284748
5.4787781716256
7.60674743469243
0.833314286529258
-2.03895371881868
0.0165749783007323
7.10884733939558
2.95623748036061
4.45481751291839
-9.32319812156328
7.78428000325102
10.6316789484851
12.8818340429718
9.16519981231001
-3.22680908610922
6.70586032824093
6.19019255954508
5.40866439007718
6.13817637816413
1.35289016719077
3.11125438147375
-0.771007816712776
-5.47264120520632
-1.30881624809149
5.01002272007306
2.28483924784083
10.3073344517584
5.48955867361164
1.52088841669066
-0.965418839359949
-0.806643899894071
4.32327061190368
-2.83911280121811
3.04148524561053
1.71573905964823
-9.15159965987182
-3.4193726276895
4.27273959342818
-0.0613024291988141
10.9823328785166
13.2545906704563
7.89411232631493
4.59910755918437
2.42134734361545
17.699434712401
6.85714921945114
8.38828607226831
-5.46841016038015
17.9207446829902
-8.66518607259676
-0.0585209444774032
-7.94090802185206
6.12032044771629
-2.09702275528878
4.18451744733877
3.45207452995038
15.5414518054638
4.74120288165597
11.3856396386701
3.78450283985159
-6.3008259629228
-1.14997516194349
19.8013237027372
12.7852602311805
5.90785439483347
-1.24844485239005
-0.593128380256588
1.99227780002059
14.5066437298237
1.17339184044394
9.17356096802837
4.83338479560461
5.22485121275999
6.05623844148289
1.55570039823033
9.2065843769465
-3.35252412482901
-0.828405867847973
-12.9276042793814
-1.92237470502419
2.97967580785229
8.57478620748853
6.81516767472742
10.0434810470003
8.53147295593586
1.30478777709483
-3.28773581002398
7.49799597850149
5.36222658915304
17.0063214182449
3.68490823719971
4.22958152509193
15.2199788700976
-2.22351548426556
-2.3479529205263
-3.31011464187109
1.47953617335273
6.37222781031593
2.88181257758701
7.9127533128632
-2.80989287244209
0.340728631799165
3.51348135517545
6.50245656123318
1.22365355396684
-1.10116736029278
5.38305136113757
5.76265900958408
-0.145699998642687
-7.05816941416452
8.1811644975114
16.688918640346
-3.66124911523726
14.2774334395095
18.2257537624825
11.5487316192306
9.93364508093925
1.82330626479941
-3.30198569753192
-1.88402035028055
-2.49296973396944
-3.76699424620929
7.84314607218149
-1.61786663537115
1.28726892264557
-2.43642496353678
-0.89564287430333
12.995294936174
1.7678550967711
-1.2805203937692
2.64914795981192
-0.47073318629258
10.1857555351222
0.974919989778563
5.22045108574657
3.71191809907355
-14.2349391053266
-2.42416160821795
-2.04897081088944
3.85243007326276
-7.41978867185965
9.28878174909747
11.5275610044052
-1.46211680504747
-4.78561119211559
1.68321309465943
-0.502481511706474
8.00351824365955
-4.31252037620806
-4.79409001515004
4.5791420688935
-4.48408312358216
12.0073545919729
7.51546039735489
8.59845009392577
2.7762576362304
11.1997067497807
0.171632241825009
9.83189141627553
7.39049622231335
4.74572025824616
-2.7921602920214
-7.87791756712623
-0.356619929026196
4.21832923968966
12.9005889381861
7.2905386178929
9.19912949029669
3.40146386249513
5.30785508173898
8.94999837095798
4.09922289975737
2.6887975583812
-2.25567574237986
1.87369345664247
10.4639512655325
15.2485675903364
10.0544932092235
7.86135952868824
-8.95753128255243
3.72269895320856
-3.37599631420451
9.75021152416585
4.31841132844769
6.27093849732355
22.465582800753
0.0909799045393278
1.98085303229992
-5.67071739672038
5.82605281463208
7.42202462071433
2.30077519057493
3.43890218082224
-6.38269261426534
0.721630621310605
11.6678770872606
8.60092551201045
-0.396738154977623
1.16067344296907
6.01671310630425
-5.00612166622168
-8.83997600400726
-25.6788826467504
1.55820460425664
-0.347460704456526
3.32724552386744
2.12332215836023
7.86925736283327
6.04647356701576
-0.433824635912541
6.46382100479191
-2.96339142171263
5.3216028057871
9.05996665124585
6.45823528742327
4.63635219958588
-5.23332631552614
3.84044686338453
4.73182304637785
-32.5016867278971
7.31891551203353
-0.0320324587184908
10.7574925983748
5.71291409104003
2.16592477758713
12.9722247681665
-3.40036579807966
2.16418046293408
7.57658973079814
3.28601517967916
-2.02212788565068
-0.63995063077019
6.46984395595688
7.20034666528056
4.26271023918865
12.5337225244052
1.00353511043968
2.42291689855407
7.71728420652507
-8.59634614375668
8.09269868883669
6.48261768460387
0.000973743367654212
-3.28963277350171
1.92878958796148
6.91588235981328
27.4022384432349
-4.72414404478732
-18.5190434992247
-2.15195428481256
1.90585215174579
-3.04147785796349
1.64982432094832
6.10805634857937
2.41376123208876
3.17728081035734
16.5259188369348
-0.783893437667466
-1.43703124038905
-3.38969190905938
3.36356093606722
22.8042877800015
4.06533914699838
3.44595230427955
-1.65364893632427
19.3677502103895
12.9900517968476
2.4502684195859
13.128623317035
-10.2028106343507
-23.3796480962992
-5.40439780254587
-0.541030127104212
13.8638822543739
9.35729761728486
2.94112019952561
4.12930752262128
0.352581200311984
0.223065252738456
11.9593768365528
-2.85692816881086
-0.765844447336996
35.0244263863627
7.03977560860378
-3.72489887407821
-10.1348794329727
3.56816087012507
-5.97148615685652
0.510034404025714
5.5153521123236
-2.46586991430141
-0.454609655038374
5.83886419662361
2.0017539814603
2.27123133711682
3.95810010666357
0.0381608320921893
-1.55884302564637
4.5105299573331
12.6127951064955
7.27255352276132
5.17504935939177
7.03551988871429
4.53610302214211
-5.34295684850748
21.120899030285
-0.137545163211632
-1.00200553009688
-7.41416609972331
-0.340698941688285
0.0876783307421727
-0.725802103657994
-7.52145078483036
7.44685832813038
8.53396148889827
4.45875309539712
-4.91488843255384
3.85681379310513
-1.5349282988234
0.338821450318954
6.17437779210299
-4.8612741350536
-0.952810837445662
-3.07305739986123
1.08529299886619
-6.36334229934427
-1.13388486763023
3.51467607958194
2.1962226166227
-5.01654542096883
1.80043903838925
-10.844233865723
-1.17584818606648
6.72170626806779
2.61123749000666
3.16862518146339
-4.33325537740797
6.77948870153136
17.1315745023826
-2.34447171662663
-1.22923336442321
4.94600994170501
30.1259388901817
9.1450455521379
-5.19174432583942
2.36579883224622
-10.9931165130858
11.4494648016466
3.04293885103318
-1.35836627406409
5.80668945677541
2.32180265313783
13.7209765373615
24.6475379025516
-2.75464271063402
-7.94217809464804
0.616121334029858
-4.02002901877347
7.66180794560318
1.76900589400323
10.5392027566344
4.795717000136
13.5550328061706
7.54048069498279
-2.67843171385013
8.2072301835069
-5.37259673176647
-0.943902009852179
-3.02014929359919
0.603656783453604
-4.23669730561505
6.45183748932049
-1.37266604301107
48.3697703752278
47.9950841163272
-3.91974726747699
-0.635619897577593
-0.52442010298534
6.00897359245124
17.1455754660269
-2.4557851540675
7.79852418259103
-1.85069887124809
-8.56274351825315
-4.99183685091357
3.22292571161253
4.87205047655294
-15.0876627192672
4.59581765181122
2.05787275984585
2.37180198837133
-1.11747808784714
11.8442433236709
-0.84154611042343
-0.8229971072296
-3.87105636861602
-6.08835206590578
-6.12624833889258
-1.53525987610888
4.92599577298577
9.02474082650054
5.79930171536359
6.14850380825099
1.33475798091806
-5.48077469171019
15.7676341983905
-5.18114240797414
0.478874616274416
7.13071561643447
0.308506074812769
4.24007022844514
3.00630104842761
-2.50487135594006
8.14597519975258
0.887929377852128
-2.65981360230349
7.21604453208109
5.62267101440524
10.9440667671642
5.14442337145134
-0.239133739585959
-0.589543841359128
5.70066790312577
-4.70740355472379
-1.38555677151107
3.99657337442047
-2.56556419382039
7.88466179326967
-0.958657036292962
5.16706948532706
3.17414033110006
-5.80211220520334
-9.75585177560339
16.6806368761668
4.26947527910245
-4.01123780202343
-1.28540185051113
10.6193529545245
-1.15764984230141
8.87632863766779
7.43716891971049
-0.754800327036679
-2.68250219701248
1.5595125593919
5.41851194617092
-5.2704945639767
-3.11446284252437
7.30713250618541
5.82463213781154
6.1962287532155
-1.60595501705107
0.157833021845753
3.8899378656004
-5.04355298977821
17.7263802427911
1.45305520308206
15.588184273809
3.1750578528031
7.8940307200133
0.551520548020545
-7.08513401190481
4.52369334645803
-6.29633416691704
4.70605633889203
12.3398163214308
5.68658807828419
-3.2263208954386
6.37020249922075
3.29238738642993
1.70629450862636
4.2594292695377
-3.42140046415757
12.4048278676665
-3.00826247955057
9.35804756324379
4.08183653368714
-4.90753675150802
2.65650310904313
1.23558601777215
2.88180304859038
10.1232977030812
2.77258127904992
7.0388636724634
0.302015468902355
4.36004279131355
0.40385851894772
-3.80517969303618
0.827475519734466
-4.54426384301787
-12.1741440712192
4.91829093418221
-2.63561343219425
-5.48691144365653
4.27070987239183
-0.320665363806626
-2.53382177974137
-0.963930403987061
1.47459349759396
4.12618230484785
3.27760390831359
-6.90646746852381
1.6136884739773
3.94730078386917
8.758020489608
-8.50266199714148
2.55753863159644
8.93247124772516
6.84082132154037
-5.10207321670657
-2.74795479880296
5.91423609729013
2.71181428873601
7.30361877280887
4.05068219308214
7.95128316795902
3.83951824015732
1.84747333973336
-4.87065626098081
10.9984587848646
-4.74471863269255
-1.70080616265757
-1.60589981918979
9.01142054834964
4.66966260881729
-1.21041258557462
3.39735667031845
20.4794888283208
11.6997100806584
3.84599568626554
-5.36630310317422
0.816419746423487
8.3522538066129
-7.1339639530341
16.8600295283677
0.377193908776819
-1.11651153492505
2.20952026301837
6.14153813269239
2.92843821188483
-7.75637308658387
3.91152619927943
2.61057881385254
5.76040203959113
-2.94600820557234
-9.78522091493307
-0.0435607472238111
-3.19327674692355
-3.42909936238775
-5.16030166759966
-0.681506811992668
-1.49663902141175
5.43919722011469
4.15780588415624
-4.09553186197943
-0.883206445636305
4.35264882150284
9.22760726181723
-0.247974318896426
-7.48669984095462
1.40520192333394
-0.153945902015551
8.13270748704622
1.35051573194508
-2.71532763481924
-2.05558865052859
-2.37717799004494
2.44280868537789
0.928960430549802
15.2672278660024
1.50833910411712
-2.21905122558635
-3.07010240065417
2.2565250610839
9.99664300198168
-0.196332608071252
4.55278934936702
9.2703006430521
-2.96182344593306
8.00691825831433
5.6132289741716
1.28677317671317
2.88011530679713
-1.97650113113059
6.21897329812195
-1.93703349389495
3.9687475376882
5.23178065391518
-3.56319245771138
9.22559741096027
16.1277544787779
-1.80350177184767
-7.16558468452373
1.60972586624805
3.43584704077583
-2.98748238194182
2.70473963139862
-3.87493091615237
3.16877634378052
2.71279114538678
5.24137517399926
-0.224192084329745
-2.50842859935626
-2.18663149382536
-12.1858709595289
1.52175816449252
8.78582478793005
-1.81916317365422
-6.93199495981974
3.53302070839803
0.987010427877357
8.77153674297016
18.993178984216
12.362330310414
0.341080344777972
4.96184369544162
2.12811712214005
-4.86785437123981
-3.46808761819633
-0.907275534099889
0.821034639112156
-33.9003786829707
4.90855630897627
0.849518920594951
2.71370842504055
-20.6037612940028
4.60391244670668
9.37880585269555
10.1442472215746
-31.9861411434499
1.1283467013915
51.2574881475824
0.727843967689938
3.31626003768125
4.52883006801524
-6.36176178259973
4.22282677587401
12.247779025426
10.2189408780031
-0.351280337132168
0.0774887979157501
4.01086020960971
22.3207439490659
-0.511151575178811
10.180438676423
7.0727021533516
15.2120183023117
1.43056609794554
21.8183259426773
3.70732737271539
8.86014527502279
-8.95569758437185
17.6574738483706
1.12694602043013
-14.9206261411452
23.3884157320754
1.80487271756313
-18.3800236945618
8.24415503188513
-36.0170778203642
9.5668870563091
-1.34174620922461
1.69374753169559
27.2136536782006
-17.028579639865
-2.58878526111869
-3.38436685367646
-3.34142823398282
3.68101848885476
2.58996447217732
12.7656501078566
4.32260433501602
3.89793732940791
2.7760484641829
-2.45171574321521
4.47733837920019
3.3769420747757
-43.5892227122132
-2.57163535625499
2.00043173788044
8.12026602084084
5.06834298082975
-0.171758389863276
5.15320855829209
3.03864216068872
6.0236598711972
0.570310270284819
4.05988155288435
-1.06281042427005
-1.22247798464025
-4.04375229153877
3.16287786099259
5.34283378003593
5.8863670319266
-2.32347579624201
1.34531093940558
1.70332024140758
7.35142428610165
4.65203315146403
-3.84855437979299
-4.08892240998218
4.64126189998156
-1.97215474768899
1.06403976170368
-5.61844869290124
-5.10879611915927
5.07317750485854
0.47681330660076
1.36903703538503
-5.58063249269385
-3.90807610254304
15.2307292586579
0.160900465990351
9.42867423194528
4.13687468913948
3.27526024501779
2.55228964225098
-2.67671122041004
-5.72423156730313
3.16846826298526
-5.79259899816563
1.92577276687601
-1.81526618832677
3.26969607722946
-1.92451332129687
0.768315102433734
4.45208216287286
3.47657833132964
6.85701567861376
12.152128399184
7.00324664281024
3.34347078526394
2.64212589361197
13.2962184216428
4.65934705873658
-3.88273428840076
9.57572261597702
21.5774632208349
5.4196371332739
2.46529290845349
3.34068525990283
-0.68816610669705
1.79396019216581
2.26521085604692
-3.88505042181654
10.3393322414418
5.92233600155882
3.51810586784338
13.2371699849429
7.21015384118702
8.63224722692498
0.520562522232329
-0.670103747465957
19.0391461321087
4.73346849028214
-3.89502303402803
-5.58687509273155
-5.84666341909438
-1.18924320094603
-2.89589412469087
-3.98870072405954
8.80427200815017
5.94577944408077
10.1261050225965
-1.6290183867469
3.43963828454243
-3.61747241229013
-2.43391515493774
-7.47897486512305
-3.88845355802963
9.93715726227349
0.602316360560769
4.97164092819984
-0.587307330534439
2.8409416423679
3.13540413979789
-1.14257403215771
-1.79283219849879
5.15764761641763
-2.60879993136801
7.38582683842154
5.635477745564
80.6338539113988
2.75464913052169
-1.20888378286395
0.157698706226883
0.794087427718088
-0.222671933289599
8.23267016958554
4.91952658928046
-3.11938048539744
1.26530222255008
1.4146829017363
-0.0731917250173497
11.1414126720611
1.35003549660134
0.423845943308549
25.1114699357256
-1.00642660667644
-4.27727323230706
-0.45611751199936
3.09220684357359
3.29156337476919
4.82255486215317
3.32617875707996
3.11574268464525
-5.44648204992948
4.95494305947448
-3.77588408642483
0.764994994526008
6.65633628783477
-11.1307312274365
1.62527731941975
0.168564208154819
-1.89786367662234
-1.60612140036034
5.77993123566082
-5.73022831128617
-1.2899299849141
-10.8092696391959
-3.25692988299219
-2.37065314314977
8.41634512463217
-2.23279833633901
1.36714680178111
5.07126478766334
17.6583682460498
